1:ItNr	2:Metric	3a:Time	3b:StepSize	4:||Gradient||	Time[ms]
0	-0.340761	0.000000	136.222245	0.006498	92
1	-0.353076	0.000000	136.222245	0.003293	2
2	-0.343878	0.000000	136.222245	0.005403	1
3	-0.355378	0.000000	136.222245	0.005098	1
4	-0.348069	0.000000	136.222245	0.002652	3
5	-0.356676	0.000000	136.222245	0.004510	1
6	-0.337620	0.000000	136.222245	0.003509	1
7	-0.368272	0.000000	136.222245	0.003307	2
8	-0.350998	0.000000	136.222245	0.003785	1
9	-0.379421	0.000000	136.222245	0.005567	2
10	-0.375183	0.000000	136.222245	0.004185	2
11	-0.390888	0.000000	136.222245	0.005789	1
12	-0.365621	0.000000	136.222245	0.004893	2
13	-0.364591	0.000000	136.222245	0.003792	1
14	-0.370491	0.000000	136.222245	0.004397	2
15	-0.373907	0.000000	136.222245	0.003041	1
16	-0.370558	1.000000	130.030325	0.005630	2
17	-0.393116	2.000000	124.376833	0.005896	0
18	-0.386108	1.852801	125.177966	0.003585	2
19	-0.400797	1.705602	125.989487	0.005505	1
20	-0.386674	1.558403	126.811598	0.002651	2
21	-0.387628	2.558193	121.429819	0.004681	1
22	-0.372948	3.558193	116.485245	0.004189	1
23	-0.397296	3.410994	117.187654	0.003438	2
24	-0.413513	4.410994	112.575963	0.003722	1
25	-0.376449	5.410994	108.313497	0.003214	1
26	-0.390192	5.263795	108.920554	0.001437	1
27	-0.393538	5.117707	109.529798	0.002789	2
28	-0.380898	6.117699	105.490778	0.004315	1
29	-0.396548	5.970500	106.066523	0.004800	2
30	-0.389665	6.970500	102.274438	0.002592	1
31	-0.407768	7.970496	98.744156	0.002445	1
32	-0.382037	7.826380	99.237821	0.002936	2
33	-0.408764	8.826380	95.910638	0.000935	1
34	-0.392820	9.819233	92.820841	0.001833	2
35	-0.399361	9.685800	93.224461	0.002186	1
36	-0.404580	10.569540	90.614789	0.003827	2
37	-0.369434	11.569396	87.832980	0.004332	1
38	-0.370364	11.422197	88.231748	0.001662	2
39	-0.387573	11.275273	88.633399	0.002216	1
40	-0.379830	11.275049	88.634013	0.001640	1
41	-0.396771	12.275048	85.970338	0.003749	2
42	-0.374848	12.127849	86.352335	0.003433	1
43	-0.376033	11.980737	86.737515	0.003592	2
44	-0.376493	12.980737	84.184966	0.003042	1
45	-0.395824	13.980737	81.778356	0.003585	2
46	-0.375873	14.980737	79.505519	0.002349	1
47	-0.403534	14.881303	79.725844	0.002982	1
48	-0.396342	15.881297	77.564169	0.005327	1
49	-0.403802	16.881251	75.516701	0.001328	1
50	-0.363641	16.734053	75.811289	0.003156	2
51	-0.408299	16.586854	76.108182	0.002740	1
52	-0.380764	17.586854	74.135796	0.003825	2
53	-0.397212	17.439655	74.419688	0.003915	1
54	-0.395615	18.439655	72.532763	0.001777	1
55	-0.377041	19.439655	70.739158	0.002178	2
56	-0.379193	19.292456	70.997587	0.002695	2
57	-0.382278	19.145257	71.257910	0.003086	1
58	-0.376983	20.145257	69.526048	0.005118	2
59	-0.390304	20.199181	69.435049	0.004674	1
60	-0.384879	21.199181	67.789637	0.001544	2
61	-0.394026	22.199181	66.220403	0.002568	1
62	-0.394329	23.074233	64.905660	0.002153	2
63	-0.413533	22.927104	65.123053	0.003374	1
64	-0.400746	23.689208	64.012483	0.005540	1
65	-0.384323	24.689208	62.611441	0.004291	1
66	-0.383740	25.689208	61.270415	0.003503	1
67	-0.381096	25.542009	61.464196	0.005408	2
68	-0.385329	26.542009	60.171356	0.003127	1
69	-0.375567	26.394810	60.358237	0.003069	2
70	-0.383306	26.247694	60.546175	0.001980	1
71	-0.391502	27.192586	59.359071	0.002292	1
72	-0.404904	28.190096	58.155348	0.002395	2
73	-0.376756	29.190096	56.996647	0.001962	1
74	-0.389778	29.042897	57.164300	0.004498	2
75	-0.369418	30.040365	56.047153	0.001321	1
76	-0.370668	31.036129	54.974634	0.003909	1
77	-0.393326	30.888930	55.130586	0.001827	2
78	-0.391672	30.745791	55.283089	0.004185	1
79	-0.403018	31.745344	54.235444	0.003423	2
80	-0.399574	31.598145	54.387225	0.002003	1
81	-0.410009	31.450946	54.539858	0.002693	1
82	-0.376537	32.444541	53.525900	0.003697	1
83	-0.381936	33.430879	52.555961	0.002772	1
84	-0.383909	33.283779	52.698379	0.002993	2
85	-0.399169	34.278610	51.749983	0.002581	1
86	-0.373844	34.131411	51.888154	0.002621	1
87	-0.375839	33.984226	52.027051	0.002280	1
88	-0.403241	34.982472	51.099336	0.003246	2
89	-0.375971	35.982472	50.202581	0.002111	1
90	-0.391977	35.835273	50.332602	0.002763	2
91	-0.397075	35.690513	50.461127	0.004489	1
92	-0.386156	36.682244	49.593549	0.001954	1
93	-0.394419	37.682244	48.748428	0.001919	2
94	-0.382506	37.535045	48.871017	0.003833	1
95	-0.387297	37.460995	48.932919	0.002014	2
96	-0.399748	38.460426	48.110439	0.004068	1
97	-0.407655	38.313227	48.229835	0.002512	1
98	-0.378312	39.312658	47.430626	0.001870	2
99	-0.402035	39.167373	47.545156	0.001914	1
100	-0.427573	40.165749	46.769102	0.003216	1
101	-0.426487	40.018550	46.881926	0.001843	1
102	-0.403857	39.871352	46.995295	0.003853	1
103	-0.398093	39.724159	47.109210	0.004593	2
104	-0.400426	39.576960	47.223683	0.003144	1
105	-0.406932	39.429761	47.338714	0.002797	2
106	-0.397454	40.429759	46.568100	0.003397	1
107	-0.398270	40.316502	46.654115	0.002214	1
108	-0.395033	40.175209	46.761870	0.003490	2
109	-0.422950	40.028010	46.874659	0.001537	2
110	-0.388370	39.880811	46.987994	0.001639	1
111	-0.400517	39.733614	47.101876	0.002794	1
112	-0.376497	39.599637	47.206011	0.001516	1
113	-0.390276	40.384921	46.602115	0.001794	1
114	-0.389101	40.558528	46.470688	0.005533	2
115	-0.408864	41.558528	45.727853	0.003658	1
116	-0.407148	41.411329	45.835703	0.001587	1
117	-0.412039	41.953835	45.440713	0.003763	1
118	-0.406843	41.806711	45.547157	0.002667	1
119	-0.378434	42.806711	44.833327	0.002535	2
120	-0.367258	42.659513	44.936994	0.003078	1
121	-0.380995	42.512314	45.041142	0.001105	1
122	-0.358014	42.536362	45.024094	0.002407	2
123	-0.382720	42.453834	45.082652	0.002238	1
124	-0.379057	42.306635	45.187477	0.002298	2
125	-0.408765	43.306634	44.484791	0.002791	1
126	-0.373337	43.160520	44.586097	0.004487	1
127	-0.383085	43.013321	44.688623	0.002585	1
128	-0.407907	42.866127	44.791617	0.002029	1
129	-0.413230	42.718930	44.895091	0.005059	2
130	-0.403302	43.718930	44.201398	0.003869	1
131	-0.397296	44.718930	43.528815	0.002534	2
132	-0.376512	44.571731	43.626531	0.001761	1
133	-0.429750	44.506423	43.670025	0.002742	2
134	-0.411701	44.359225	43.768376	0.002469	1
135	-0.416477	45.359221	43.108812	0.001929	2
136	-0.409843	45.521898	43.003390	0.003119	1
137	-0.372707	46.521896	42.366511	0.001960	2
138	-0.386128	46.374697	42.459073	0.004227	1
139	-0.418450	46.227498	42.552040	0.003434	1
140	-0.401957	46.080299	42.645415	0.003234	2
141	-0.388544	45.933100	42.739200	0.001818	1
142	-0.397662	45.797174	42.826170	0.003143	2
143	-0.416877	46.734106	42.233777	0.004187	1
144	-0.397143	47.734106	41.619326	0.005906	1
145	-0.401266	47.586907	41.708648	0.002331	1
146	-0.387531	48.586907	41.109273	0.001727	1
147	-0.393667	48.572941	41.117525	0.003361	1
148	-0.404765	48.425742	41.204704	0.003676	2
149	-0.384432	48.278544	41.292253	0.002538	1
150	-0.383955	48.131782	41.379913	0.001138	1
151	-0.391323	47.984601	41.468199	0.003828	2
152	-0.413364	48.984593	40.875670	0.004363	2
153	-0.369519	48.837394	40.961825	0.002749	1
154	-0.405480	49.837394	40.383574	0.002209	2
155	-0.373441	50.837394	39.821422	0.003801	1
156	-0.406167	51.837394	39.274705	0.001248	1
157	-0.406181	52.833531	38.744824	0.002353	2
158	-0.429937	53.780345	38.254265	0.002643	1
159	-0.378000	53.633146	38.329714	0.002965	2
160	-0.383699	53.485947	38.405461	0.002475	1
161	-0.421150	54.387784	37.946030	0.003164	1
162	-0.390401	54.322120	37.979111	0.003269	1
163	-0.393983	54.174921	38.053477	0.004906	1
164	-0.392534	54.027722	38.128135	0.001825	2
165	-0.389933	53.880524	38.203087	0.001822	1
166	-0.384891	53.734530	38.277716	0.003097	2
167	-0.387388	53.587331	38.353258	0.001425	1
168	-0.410492	53.446568	38.425776	0.001582	1
169	-0.388557	54.433814	37.922876	0.004807	2
170	-0.423028	54.286615	37.997022	0.002427	1
171	-0.403127	55.286615	37.498939	0.003277	1
172	-0.417278	56.286615	37.013746	0.004294	2
173	-0.401999	56.139416	37.084376	0.001639	1
174	-0.396758	55.992217	37.155277	0.003446	2
175	-0.388486	56.992216	36.678880	0.005016	1
176	-0.365174	57.992216	36.214545	0.001968	1
177	-0.396225	57.845410	36.281975	0.001729	1
178	-0.399551	58.843601	35.828383	0.002757	2
179	-0.386627	58.696554	35.894490	0.002968	1
180	-0.393358	59.696554	35.449682	0.003029	2
181	-0.403887	59.549355	35.514464	0.001854	1
182	-0.377494	60.547763	35.079652	0.002260	1
183	-0.388389	60.400564	35.143087	0.003002	2
184	-0.410024	61.400525	34.716613	0.001854	1
185	-0.402127	61.253353	34.778730	0.002290	1
186	-0.401168	61.119312	34.835498	0.002281	1
187	-0.393251	62.010416	34.461544	0.002241	1
188	-0.359684	63.010406	34.051343	0.002191	2
189	-0.412963	64.010288	33.650835	0.004618	1
190	-0.378712	63.863089	33.709203	0.002564	1
191	-0.382315	64.863089	33.316611	0.002238	2
192	-0.390771	65.863089	32.933058	0.002076	1
193	-0.406863	66.863020	32.558261	0.004098	2
194	-0.400117	67.860562	32.192765	0.001095	1
195	-0.381377	68.860562	31.834512	0.002876	1
196	-0.393281	69.860462	31.484180	0.003749	2
197	-0.401091	70.860462	31.141441	0.002853	1
198	-0.408796	70.713263	31.191423	0.003231	2
199	-0.382796	71.713262	30.854994	0.002343	2
200	-0.379722	72.713262	30.525745	0.001062	1
201	-0.404465	73.712982	30.203538	0.005638	2
202	-0.401804	74.712973	29.887977	0.002345	1
203	-0.401255	74.565774	29.934013	0.002293	1
204	-0.371427	75.565772	29.624028	0.004808	2
205	-0.404250	75.418573	29.669254	0.004077	1
206	-0.406482	76.418573	29.364700	0.002177	1
207	-0.413189	77.418573	29.066334	0.002141	1
208	-0.390473	77.271374	29.109872	0.003516	1
209	-0.401018	77.129908	29.151838	0.003419	2
210	-0.420277	78.129908	28.857761	0.003962	1
211	-0.402560	77.982709	28.900676	0.003347	1
212	-0.403873	78.982709	28.611619	0.003573	2
213	-0.384234	79.960840	28.334423	0.002507	1
214	-0.417969	80.960840	28.056528	0.002868	2
215	-0.390653	81.960840	27.784031	0.001833	1
216	-0.391114	81.813641	27.823809	0.001714	1
217	-0.410282	82.802686	27.558701	0.002399	2
218	-0.407042	82.656673	27.597520	0.004140	1
219	-0.410750	83.656673	27.333825	0.003536	2
220	-0.385499	84.656673	27.075121	0.002431	1
221	-0.411823	84.509476	27.112893	0.002855	1
222	-0.365786	84.458358	27.126035	0.001962	1
223	-0.402281	84.311159	27.163951	0.002560	1
224	-0.383219	84.177931	27.198359	0.002233	2
225	-0.396473	84.030732	27.236477	0.003279	2
226	-0.386619	83.883533	27.274702	0.002670	2
227	-0.394605	83.736334	27.313035	0.001108	2
228	-0.393336	83.589138	27.351475	0.003426	1
229	-0.384327	84.589137	27.092438	0.004132	2
230	-0.412206	85.589137	26.838262	0.003170	1
231	-0.410162	85.441938	26.875376	0.002968	1
232	-0.386785	85.294739	26.912594	0.001237	1
233	-0.408034	85.147607	26.949898	0.004214	1
234	-0.394757	86.147402	26.698428	0.003597	2
235	-0.397671	87.147402	26.451557	0.003478	1
236	-0.379474	87.000203	26.487609	0.001752	1
237	-0.414227	88.000200	26.244605	0.001774	2
238	-0.413822	87.987885	26.247570	0.002269	1
239	-0.403297	88.987851	26.008937	0.004018	2
240	-0.374090	89.987851	25.774597	0.002554	1
241	-0.403709	90.987851	25.544442	0.001598	1
242	-0.407426	91.985747	25.318832	0.002562	2
243	-0.387767	92.964873	25.101306	0.004517	1
244	-0.395411	92.817674	25.133769	0.002922	2
245	-0.404861	92.670475	25.166316	0.002642	1
246	-0.377941	92.523372	25.198927	0.002878	2
247	-0.412186	93.523372	24.978894	0.006859	0
248	-0.379139	93.376173	25.011041	0.001830	2
249	-0.385256	93.229232	25.043214	0.002518	1
